39
0
50
94
58.5
81
66.5
79
73.5
20
94
48.5
56
52.5
0
74
0
38
61
81
76
33
62
77.5
56
47
58
43
61
87.5
64
85
77.5
85
94
0
23
53
101
55.5
25
28
19
60.5
58
34
71
84.5
57.5
42
68
28
82
95.5
82
55
23
39
17.5
82.5
96
96
32
57
67.5
30
36.5
60
55
44
26
64
84
60
67.5
32.5
83
30
21
0
30
46
51
64
0
58
32
51
52
48.5
80
104
95
37
94
56
60
82.5
104
40
63.5
43
93.5
63
101
53
64.5
94.5
20
72.5
56
84
27
25
27.5
50
24.5
25
81
43
55
46
33
80
35
21
80
36
0
20
34.5
20
60.5
35
69
30
20
46
80.5
81.5
37
79
64
52
28
54
33.5
70
78.5
27
53.5
48
68
69
66.5
68
67.5
81